ens_models = ['EST', 'HST']
signal_model = 'DET'

dt = 0.001
initial_ens = [0.5773502691896258, 0.5773502691896258, 0.5773502691896258] # 1/sqrt(3)
initial_signal = [0.5773502691896258, 0.5773502691896258, 0.5773502691896258]
initial_ens_std = 0.04082482904638632 # 1/sqrt(600)

n_steps = 140
filt_interval = 10000
n_ens = 15

obs_std = [0.005, 0.05, 0.05]

key = 0

[params]
k = [1.0, 0.0, 0.0]
p = [0.0, -1.0, 1.0]
q = [-1.0, 1.0, -1.0]
s_k = 1.0
s_p = -1.0
s_q = -1.0
b_ks = [0.05, 0.1, 0.2, 0.5]
b_ps = [0.025, 0.05, 0.1, 0.2]
b_qs = [0.01, 0.02, 0.04, 0.1]
gamma = [1.0,1.0,1.0]