ens_model = 'EST'
signal_model = 'DET'

dt = 0.001
initial_ens = [0.5773502691896258, 0.5773502691896258, 0.5773502691896258] # 1/sqrt(3)
initial_signal = [0.5773502691896258, 0.5773502691896258, 0.5773502691896258]
initial_ens_std = 0.04082482904638632 # 1/sqrt(600)

n_steps = 14
filt_interval = 10000
n_ens = 500

obs_std = [0.005, 0.05, 0.05]

key = 0

[params]
k = [1.0, 0.0, 0.0]
p = [0.0, -1.0, 1.0]
q = [-1.0, 1.0, -1.0]
s_k = 1.0
s_p = -1.0
s_q = -1.0
b_k = 0.1
b_p = 0.05
b_q = 0.01
gamma = [1.0,1.0,1.0]