model = 'HST'

dt = 0.001
initial_conditions = [0.5773502691896258, 0.5773502691896258, 0.5773502691896258]

n_steps = 150000
n_ens = 1000

key = 0

[params]
k = [1.0, 0.0, 0.0]
p = [0.0, -1.0, 1.0]
q = [-1.0, 1.0, -1.0]
s_k = 1.0
s_p = -1.0
s_q = -1.0
b_k = 0.1
b_p = 0.05
b_q = 0.01
gamma = [1.0,1.0,1.0]